756.4963
-524.33
-523.471
5632.4127
1489
-287.702
7530.457321
-145.406
-11200
-727
628.33
214.325
-4983.021
2479
2578.333
241.7
1048.321
-206.988
74.32
-15.30
3.23
16752
16750.436
16756.43745
341.123245
-99854.9
-23.1456789
112.457
4436.326789
876.243678
2378.74
-445.269
-18.2456
-7.2489
-2389.2367
374.2674
875.325
382.267
2.345
-18.235
22.437
8294.8
-238.499
-1783.332
-1.385
-0.382
36.72
2.874
-11.473
841.3784
0.2345
-17.2943
3.34
76.189
378.1876
17.88
-5.13
17
284.2973
72.39
-384.7
-18.361
432.398
18.64